# COEFFICIENT 1 2 3 4 5 6 7 8  9 10 11 12 13 14 15 CASE B
# coefficients from Ferguson & Ferland 1996 for equation 1
 -10.78145 -11.04340 -11.20313 -11.31452 -11.40622 -11.48461 -11.46468 -11.50326 -11.71000 -11.61098 -11.99276 -11.71513 -11.66252 -11.69889 -11.71537 -9.97652
 -0.38890 -0.39351 -0.42458 -0.43939 -0.43647 -0.44246 0.03271 -0.17837 8.07670 -0.16697 4.76460 -0.14672 0.02722 0.02892 0.02312 0.03506
 4.68469 4.84334 5.25370 5.45398 5.46028 5.56951 -0.07602 2.30302 -92.51728 2.20472 -54.29910 2.02504 -0.28688 -0.28812 -0.28765 0.15861
 0.06404 0.06921 0.08192 0.08538 0.08639 0.08998 0.00660 0.05393 -1.46915 0.05915 -0.88171 0.06253 0.09368 0.09033 0.11802 -0.03762
-0.87423 -0.95686 -1.12613 -1.16660 -1.18431 -1.24103 0.02975 -0.53187 18.56208 -0.59021 10.94495 -0.63483 -0.71041 -0.69566 -0.94380 0.30113
 -0.00510 -0.00550 -0.00682 -0.00740 -0.00737 -0.00755 0.01032 -0.00120 0.51035 -0.00135 0.33187 -0.00146 0.00046 0.00173 -0.00225 0.00762
 0.08141 0.09216 0.11422 0.11806 0.11914 0.12544 -0.10863 0.0 -4.93019 0.0 -3.22476 0.0 -0.05483 -0.06497 -0.03708 -0.06397
 0.00248 0.00306 0.00412 0.00404 0.00412 0.00449 -0.00253 0.0 -0.12090 0.0 -0.07931 0.0 -0.00014 -0.00048 0.00047 -0.00023
 -0.03877 -0.05025 0.0 -0.06488 -0.06752 -0.07536 0.0 0.0  0.0 0.0 0.0 0.0 0.0 0.0 0.0 0.00127
